1 C -0.13 0.20502 0.30175
2 C -0.13 0.20502 0.30175
3 N 0.15 0.71128 0.325
4 C -0.11 0.43933 0.213
5 N 0.15 0.71128 0.325
6 C -0.17 0.27614 0.35
7 C -0.17 0.27614 0.35
8 C 0.01 0.27614 0.35
9 C -0.12 0.27614 0.35
10 H 0.13 0.12552 0.25
11 H 0.13 0.12552 0.25
12 H 0.13 0.12552 0.25
13 H 0.13 0.12552 0.25
14 H 0.13 0.12552 0.25
15 H 0.21 0.18828 0.1452
16 H 0.21 0.08787 0.2057
17 H 0.21 0.08787 0.2057
18 H 0.06 0.12552 0.25
19 H 0.06 0.12552 0.25
20 H 0.06 0.12552 0.25
21 C -0.18 0.27614 0.35
22 H 0.06 0.12552 0.25
23 H 0.06 0.12552 0.25
24 H 0.06 0.12552 0.25
25 H 0.06 0.12552 0.25
